128
3 7
7 13
13 12
12 6
6 10
10 8
8 9
9 12
12 5
5 9
9 3
3 7
7 13
13 13
13 12
12 12
12 1
1 9
9 10
10 3
3 5
5 10
10 8
8 8
8 15
15 9
9 4
4 8
8 6
6 7
7 2
2 14
14 4
4 10
10 1
1 1
1 7
7 2
2 16
16 14
14 7
7 1
1 16
16 3
3 3
3 9
9 13
13 16
16 8
8 7
7 2
2 12
12 14
14 16
16 5
5 12
12 7
7 3
3 16
16 2
2 15
15 15
15 8
8 1
1 3
3 11
11 7
7 6
6 6
6 1
1 8
8 10
10 11
11 5
5 8
8 8
8 5
5 1
1 12
12 14
14 10
10 8
8 2
2 8
8 4
4 7
7 9
9 11
11 1
1 1
1 5
5 7
7 7
7 12
12 13
13 12
12 5
5 14
14 12
12 13
13 11
11 9
9 5
5 3
3 1
1 14
14 16
16 15
15 6
6 14
14 6
6 11
11 7
7 11
11 7
7 16
16 15
15 1
1 16
16 2
2 14
14 2
2 10
10 9
9 8
8 15
15 7
7 15
